   0.0000000e+00   0.0000000e+00   1.0000000e+00
   8.1954986e-01   0.0000000e+00   5.7300788e-01
   4.3670295e-01  -3.1956246e-01   8.4093423e-01
  -3.2161160e-01   7.8266435e-01   5.3291885e-01
  -3.1460911e-01  -7.3121461e-01   6.0526548e-01
   5.9053666e-01   8.0701082e-01   3.6732051e-06
   4.6169112e-01  -8.8516902e-01   5.7594438e-02
   7.3574226e-01  -5.3838417e-01   4.1088418e-01
   8.7197404e-02   5.3590742e-01   8.3976178e-01
   2.4793891e-01  -7.8114609e-01   5.7300706e-01
  -7.7951208e-01  -4.7371015e-01   4.0982876e-01
  -4.3927835e-01   3.2144478e-01   8.3887293e-01
  -8.4328541e-01   6.9765531e-02   5.3291885e-01
   2.1569474e-01   8.8629350e-01   4.0982876e-01
  -4.8441480e-01  -2.4523959e-01   8.3976178e-01
   9.8336505e-01  -1.7226826e-01   5.7591789e-02
   9.1364133e-01   3.7556317e-01   1.5560149e-01
  -8.1563857e-02  -9.8444681e-01   1.5560149e-01
   6.0177037e-01   5.2108169e-01   6.0526548e-01
  -7.7425423e-01   5.6656555e-01   2.8201751e-01
