   0.0000000e+00   0.0000000e+00   1.0000000e+00
  -9.6582561e-01  -0.0000000e+00   2.5919278e-01
   6.1394306e-01  -7.2510957e-01   3.1191348e-01
   3.3998625e-01   1.3576960e-01   9.3057830e-01
  -6.8761320e-01   5.7491785e-01   4.4346088e-01
   6.1511568e-01  -4.0499334e-01   6.7647106e-01
   5.8234496e-01  -5.6199174e-01   5.8740074e-01
   6.5136294e-01   1.9174122e-01   7.3414006e-01
   7.4057982e-02   3.8433870e-01   9.2021692e-01
  -8.2012465e-01   5.5275244e-01   1.4785228e-01
   6.8480519e-01  -7.2067498e-01   1.0802512e-01
  -9.1275756e-01   1.1676331e-01   3.9145876e-01
  -9.8992139e-01   9.5268179e-02   1.0478363e-01
  -5.3232864e-02  -6.6579870e-01   7.4423004e-01
   9.6886124e-02   8.1103561e-01   5.7691795e-01
   2.6898384e-02   9.9834988e-01   5.0734536e-02
   2.8792945e-01  -7.2491124e-02   9.5490401e-01
  -4.5977077e-01   8.7686853e-01   1.4040091e-01
  -1.7565649e-01  -5.4790570e-01   8.1789006e-01
  -1.5939441e-01  -8.7701722e-01   4.5324852e-01
  -4.5820625e-01   3.2717591e-02   8.8824355e-01
   8.2926834e-01  -3.1910056e-01   4.5879065e-01
  -9.6206713e-01  -2.6719507e-01   5.5078441e-02
   3.8475343e-01   3.1116960e-01   8.6898692e-01
   7.7650628e-01   2.0377535e-01   5.9624962e-01
   2.7516034e-01  -8.8912071e-01   3.6572005e-01
   1.3231627e-01  -9.9037016e-01   4.0735053e-02
  -7.1410463e-01   6.4467130e-01   2.7286167e-01
   2.6915406e-01   5.9063495e-01   7.6072757e-01
  -9.0098484e-01  -4.3384931e-01   1.0436730e-03
  -2.9595402e-01   8.6495723e-01   4.0529027e-01
  -2.4031292e-01   4.1536572e-01   8.7733746e-01
  -4.7553885e-01  -8.2517194e-01   3.0488371e-01
  -3.0226270e-01  -9.3765119e-01   1.7160275e-01
   6.8768575e-01  -1.3506888e-01   7.1333351e-01
   7.5802115e-01   6.1106161e-01   2.2805184e-01
  -1.3236230e-01   9.8057283e-01   1.4476585e-01
  -8.7781292e-01  -2.5963177e-01   4.0253673e-01
   9.8654896e-01  -1.4770264e-01   7.0036291e-02
   5.4442497e-01  -1.4730446e-01   8.2577409e-01
  -8.9934097e-01   3.9086310e-01   1.9598941e-01
   3.6789818e-01  -7.7402715e-01   5.1529885e-01
   8.9523508e-01  -1.5102487e-01   4.1922029e-01
  -7.2576110e-01  -6.8327268e-01   8.0057907e-02
   7.9820273e-01  -4.7960960e-01   3.6448186e-01
  -7.2554014e-01  -3.0675572e-01   6.1602958e-01
   6.8940872e-01   4.9488928e-01   5.2896145e-01
   5.4537528e-01   7.4661025e-01   3.8097105e-01
   5.4276053e-01  -8.2201338e-01   1.7235143e-01
   1.5609541e-02  -8.6391898e-01   5.0338885e-01
  -3.0557596e-01   9.2382629e-01   2.3058255e-01
  -8.3946773e-01   3.9217074e-02   5.4199257e-01
   6.7823814e-01   3.5175612e-01   6.4518265e-01
   8.9118613e-01   3.3657077e-01   3.0415028e-01
  -4.4906923e-01  -7.5768581e-01   4.7354940e-01
   8.9373128e-01  -3.4358806e-01   2.8842960e-01
  -2.3294168e-01  -6.7771996e-01   6.9744808e-01
  -4.5522026e-01   8.3154753e-01   3.1828165e-01
  -2.8937302e-01   9.5593277e-01   4.9556021e-02
  -4.5191006e-01  -3.1255873e-01   8.3551442e-01
   9.5219088e-01   1.6934456e-01   2.5427339e-01
   7.9751755e-01   4.8522816e-01   3.5849602e-01
   5.8202324e-02  -3.6213696e-01   9.3030603e-01
   5.6051875e-01   4.9227485e-01   6.6594610e-01
  -5.8749762e-01   8.0888448e-01   2.3504162e-02
  -5.1069065e-01  -1.3899981e-01   8.4845396e-01
   4.2475504e-01   6.1721057e-01   6.6229470e-01
   8.0808819e-01  -1.1957691e-01   5.7679706e-01
  -9.5011147e-01  -1.8551769e-01   2.5074167e-01
  -8.7294837e-01   3.2215029e-01   3.6630633e-01
   3.0927158e-03  -5.2362152e-01   8.5194539e-01
   5.0325225e-01   1.7062504e-01   8.4712707e-01
  -6.1245187e-01   3.8723726e-03   7.9049840e-01
   8.0853042e-01   5.8622503e-01   5.1173965e-02
  -2.8388862e-01  -7.8395648e-01   5.5210461e-01
   4.1995961e-01   7.4626848e-01   5.1644678e-01
   4.6529835e-01  -4.9327441e-01   7.3496789e-01
  -1.4270158e-01  -9.4924902e-01   2.8029012e-01
   7.9938208e-01   3.5175304e-01   4.8709146e-01
   5.4085521e-01   3.3756137e-01   7.7040766e-01
  -1.1369827e-01   8.6406492e-01   4.9037181e-01
   4.1232494e-01   4.7234220e-01   7.7902566e-01
  -7.0977379e-02   4.8537233e-01   8.7142178e-01
  -8.3041062e-01  -5.4092224e-01   1.3349660e-01
   7.3942067e-01   3.8261033e-02   6.7215561e-01
  -5.9641631e-01   7.7436645e-01   2.1129172e-01
  -3.4813588e-01  -1.1192171e-01   9.3073892e-01
   6.7804240e-01   6.2048621e-01   3.9402458e-01
  -8.0827783e-01   4.9249805e-01   3.2269585e-01
   2.2398631e-01  -2.8456113e-01   9.3212397e-01
  -1.0884442e-01  -7.8340587e-01   6.1190533e-01
   9.3151465e-01   2.1372136e-02   3.6307532e-01
   4.5489633e-01   8.8885310e-01   5.4858773e-02
  -9.5945431e-01   2.7436124e-01   6.4601308e-02
   4.3881166e-01  -8.9766702e-01   4.0475267e-02
   3.8955227e-01  -2.1571674e-01   8.9538557e-01
   1.1824885e-01  -1.4128475e-01   9.8288139e-01
   6.7573271e-01  -5.9830580e-01   4.3059898e-01
   2.7792482e-01   7.2411157e-01   6.3120538e-01
   1.2736463e-01  -6.3088063e-01   7.6535474e-01
  -6.5915355e-01  -4.7522098e-01   5.8282211e-01
   2.5275445e-01  -7.1521748e-01   6.5159738e-01
  -6.9909610e-02   7.6532353e-01   6.3983791e-01
   4.7986564e-02   2.0707448e-01   9.7714761e-01
   1.7604442e-01   9.7214994e-01   1.5470251e-01
  -8.1918649e-01  -1.6390298e-01   5.4960832e-01
   9.2660665e-02  -9.3170980e-01   3.5118492e-01
   3.4563800e-01  -3.9867078e-01   8.4946806e-01
  -2.2910923e-01  -2.5189937e-01   9.4024234e-01
   3.0306892e-01  -5.7505162e-01   7.5991109e-01
   3.9093151e-01   8.4584298e-01   3.6293555e-01
   1.8103844e-01  -4.7915769e-01   8.5885563e-01
  -8.1930625e-01  -4.8333385e-01   3.0842448e-01
   2.1223401e-01   9.2044747e-01   3.2822733e-01
  -5.6537941e-01  -6.2783489e-01   5.3494811e-01
   2.1701070e-01   2.7109918e-01   9.3776948e-01
  -4.7056836e-01  -8.7308642e-01   1.2761473e-01
  -9.9101992e-01  -8.8756704e-02   1.0000886e-01
   6.5397292e-01   7.4142038e-01   1.5038365e-01
   1.0183138e-01   5.4563558e-01   8.3181259e-01
  -4.0415982e-01  -6.6597728e-01   6.2700008e-01
  -4.2855973e-01   7.6132402e-01   4.8654115e-01
   9.8217137e-01  -4.5734453e-03   1.8793212e-01
  -1.4616101e-01   9.3489760e-01   3.2342456e-01
  -3.4929789e-01  -5.4895189e-01   7.5937001e-01
  -5.7265770e-01   3.6480761e-01   7.3415160e-01
  -7.1405251e-01   6.9388640e-01   9.3009050e-02
   4.5560640e-01  -8.1567093e-01   3.5651613e-01
  -9.0683297e-01  -7.6675712e-02   4.1445724e-01
  -3.8611589e-01   6.6564054e-01   6.3862132e-01
  -7.2754205e-01  -6.3557577e-01   2.5831377e-01
   7.4974377e-01  -6.1431276e-01   2.4597583e-01
   2.4908800e-01   4.3781248e-01   8.6387233e-01
   5.0566089e-01  -3.2438103e-01   7.9942730e-01
  -3.2402059e-01   5.4336148e-01   7.7444752e-01
   4.4943760e-01  -6.0994224e-03   8.9329091e-01
   1.9429610e-01  -8.3117846e-01   5.2095239e-01
  -8.2720832e-01   2.2257502e-01   5.1593290e-01
   1.1860696e-01   6.8923297e-01   7.1476591e-01
  -2.8884428e-01   6.0750935e-02   9.5544665e-01
  -4.9880134e-02  -2.1885771e-01   9.7448103e-01
  -2.1520678e-01   6.7412156e-01   7.0657354e-01
  -1.2313526e-01   1.3700735e-01   9.8288692e-01
  -1.4029222e-01  -9.8549969e-01   9.5438194e-02
   2.0369294e-01  -9.5695025e-01   2.0677379e-01
   1.9515820e-02  -9.8186434e-01   1.8857771e-01
   8.5941369e-01  -4.8196583e-01   1.7063721e-01
  -7.1261248e-01   3.1297619e-01   6.2787686e-01
  -7.3585306e-01   1.3431541e-01   6.6368640e-01
  -7.0476481e-01  -5.6551488e-01   4.2836838e-01
   7.1912046e-01  -4.4907005e-01   5.3028470e-01
   8.8340930e-01   1.9895325e-01   4.2427068e-01
   1.9875577e-02   9.6768927e-01   2.5136118e-01
  -1.6958763e-01  -7.8002896e-02   9.8242332e-01
  -7.8512652e-01  -4.0301709e-01   4.7026968e-01
  -3.0824265e-01  -8.8549313e-01   3.4769006e-01
  -4.8974253e-01   5.2481398e-01   6.9622018e-01
   1.7270807e-01   7.0071787e-02   9.8247741e-01
   4.2396248e-01  -6.4491416e-01   6.3587856e-01
   3.7849512e-01  -9.0067846e-01   2.1335361e-01
  -5.1186306e-01  -5.2626752e-01   6.7899831e-01
   3.4545120e-01   9.1697343e-01   1.9955751e-01
  -2.6834758e-01   2.4214866e-01   9.3239134e-01
   8.6476865e-01   4.6876790e-01   1.8008841e-01
   9.8727216e-01   1.3986638e-01   7.5703829e-02
  -8.9555753e-01   4.4458734e-01   1.7855378e-02
   9.4019674e-01  -3.2157441e-01   1.1233869e-01
  -4.1388805e-01   3.9024339e-01   8.2243953e-01
  -9.0980375e-01  -3.6089212e-01   2.0497320e-01
  -9.7915718e-02   3.1655320e-01   9.4350759e-01
  -6.4002159e-01   4.8076819e-01   5.9936158e-01
   5.0928996e-01   8.3165007e-01   2.2131853e-01
  -2.6147147e-01   7.8213741e-01   5.6559151e-01
   2.8961828e-01   9.5707895e-01   1.1006105e-02
   8.4951891e-01   5.0483089e-02   5.2513720e-01
   5.6155719e-01   6.2888506e-01   5.3773331e-01
  -1.2008380e-01  -3.9749487e-01   9.0971298e-01
   8.0233646e-01  -5.9575828e-01   3.6445600e-02
  -7.6925735e-01   4.1499109e-01   4.8582459e-01
   7.2916242e-02  -7.6050662e-01   6.4522315e-01
  -9.4735991e-01   2.1376143e-01   2.3835951e-01
  -2.9721909e-01  -4.0696489e-01   8.6373629e-01
  -7.4087790e-01  -4.9246369e-02   6.6983187e-01
   2.5512995e-01   8.3565688e-01   4.8640136e-01
  -5.8728390e-01  -3.6496776e-01   7.2242381e-01
  -5.9944388e-01  -8.0026469e-01   1.5603040e-02
  -6.4737783e-01  -1.9182073e-01   7.3763593e-01
  -4.7687493e-02   6.3614179e-01   7.7009709e-01
  -5.4572525e-01   6.3214017e-01   5.5007524e-01
  -5.9954350e-01   1.8759283e-01   7.7804661e-01
  -6.0044853e-01  -7.0768598e-01   3.7234676e-01
  -4.4134052e-01   2.1504151e-01   8.7119211e-01
   9.5287064e-01  -1.7546347e-01   2.4748760e-01
   6.0424219e-01   2.4228885e-02   7.9643225e-01
   9.4211639e-01   3.0953193e-01   1.2886696e-01
   5.3097270e-01  -6.9997268e-01   4.7760469e-01
  -6.1131158e-01  -7.6653650e-01   1.9677383e-01
   7.3665372e-01  -2.8381822e-01   6.1383101e-01
   5.3752616e-02   9.0468103e-01   4.2268534e-01
  -5.8152208e-01   7.1544590e-01   3.8725861e-01
