   0.0000000e+00   0.0000000e+00   1.0000000e+00
  -6.2334091e-01  -0.0000000e+00   7.8195020e-01
   6.2364292e-01  -4.0247089e-02   7.8067258e-01
  -3.2497609e-01   5.8097474e-01   7.4622979e-01
   2.5485388e-01  -5.7442388e-01   7.7787319e-01
   3.2358541e-01   5.3765413e-01   7.7860164e-01
   9.5138032e-01  -1.9583551e-01   2.3774763e-01
  -8.2358305e-01   4.4730116e-01   3.4875871e-01
  -3.9207025e-01  -6.0308144e-01   6.9467524e-01
   4.8183388e-02   9.3849057e-01   3.4192662e-01
  -5.8967364e-01  -8.0082976e-01   1.0467423e-01
   6.2228676e-01  -7.5873667e-01   1.9255610e-01
   1.0137981e-02  -9.5155892e-01   3.0729927e-01
  -9.3380496e-01  -2.5034567e-01   2.5560779e-01
   8.2325250e-01   4.2816212e-01   3.7273653e-01
