   0.0000000e+00   0.0000000e+00   1.0000000e+00
  -4.9082203e-01  -0.0000000e+00   8.7125985e-01
   2.1109439e-01   4.3815439e-01   8.7376192e-01
  -9.9156221e-01   1.2493534e-01   3.4576780e-02
  -6.1410985e-01  -4.4016631e-01   6.5507458e-01
  -1.6227857e-01  -4.5923164e-01   8.7336817e-01
   3.5121595e-01   9.0582049e-01   2.3693163e-01
   3.3487349e-01  -3.6109599e-01   8.7032720e-01
  -9.1072088e-01  -3.1045217e-01   2.7240948e-01
  -2.9133391e-01   4.6416515e-01   8.3646594e-01
  -6.7671730e-01  -7.2828409e-01   1.0796283e-01
  -8.1807461e-03  -9.9234414e-01   1.2323227e-01
  -3.3194726e-01  -8.1726266e-01   4.7105493e-01
   1.4902611e-01  -7.6659056e-01   6.2460398e-01
  -3.3971196e-01   9.0832074e-01   2.4402709e-01
  -6.4141845e-01   5.8693535e-01   4.9405391e-01
  -8.4223287e-01   1.2309242e-01   5.2487336e-01
   5.7559993e-01   5.9230306e-01   5.6379235e-01
   6.8156268e-03   8.0405862e-01   5.9451097e-01
   4.6216606e-01  -8.5332425e-01   2.4133019e-01
   5.6785161e-01   8.5842706e-02   8.1864252e-01
   8.8972043e-01   3.9891691e-01   2.2195237e-01
   6.8238542e-01  -5.0328138e-01   5.3014904e-01
   8.8954264e-01  -4.9464894e-02   4.5416640e-01
  -8.0582692e-01   5.9193188e-01   1.6112976e-02
